spawns:
  default:
    world: 2f992acc-ddc9-46cf-8ff9-182e3e5756c8
    world-name: Hub
    x: 242.4761421865926
    y: 63.0
    z: 1348.4643426760017
    yaw: 179.39987182617188
    pitch: -7.800009727478027
